kinetic_parameters <-
c(0.04417531721193537, 0.5136664793479447, 7.8077304872425035, 2.054665917145444, 0.07088597413760653, 0.46301896435718004, 2.465599101082558, 10.273329591540891, 4.2521311146537935, 0.19519326220330216, 1.448539471833599, 1.2327995499987798, 410.9331836148156, 0.20546659171332093, 2.0443925871989723, 0.003081998875329749, 3287.465466683589, 4.7051849523044185, 60.20171137097558, 2.054665917145444, 0.010067862992659111, 0.5085298144799665, 0.09245996629112961, 0.06163997753408696, 19.642606166666877, 6.63040691416538, 0.04622998312522106, 5.393498032271704, 36.05938684908027, 579.8061752000004, 0.9338456596830877, 0.4345618416917191, 0.09245996629112961, 0.06163997753408696, 18.658421199051798, 0.010067862992659111, 0.7910463778592148, 0.09245996629112961, 0.06163997753408696, 8.868965434077175, 0.10684262773437597, 0.5136664793479447, 20.413105886762818)
