N_ode <- 10
N_measurement <- 5
N_known_real <- 20
N_kinetic_parameter <- 43
measurement_ix <-
c(4, 5, 8, 9, 10)
measurement <-
c(1.162, 4.583, 2.109, 0.5379999999999999, 6.277)
prior_location <-
c(-3.11958908, -0.666181097, 2.055114331, 0.7201132640000001, -2.646682691, -0.7699872659999999, 0.9024348209999999, 2.329551177, 1.447420296, -1.633765123, 0.370555788, 0.20928764, 6.018430631, -1.5824718290000002, 0.7151007220000001, -5.782176907, 8.097872172, 1.5486650819999999, 4.09770078, 0.7201132640000001, -4.59840681, -0.676231433, -2.380979525, -2.7864446330000003, 2.9777009910000003, 1.8916661769999998, -3.0741267060000004, 1.68519416, 3.5851672139999997, 6.362693867000001, -0.068444101, -0.833417016, -2.380979525, -2.7864446330000003, 2.926297583, -4.59840681, -0.23439868100000003, -2.380979525, -2.7864446330000003, 2.182558153, -2.236398296, -0.666181097, 3.01617714)
prior_scale <-
c(0.23932905100000001, 0.23932905100000001, 0.23932905100000001, 0.23932905100000001, 0.23932905100000001, 0.23932905100000001, 0.23932905100000001, 0.23932905100000001, 0.23932905100000001, 0.23932905100000001, 0.23932905100000001, 0.23932905100000001, 0.23932905100000001, 0.23932905100000001, 0.23932905100000001, 0.23932905100000001, 0.23932905100000001, 0.23932905100000001, 0.23932905100000001, 0.23932905100000001, 0.23932905100000001, 0.23932905100000001, 0.23932905100000001, 0.23932905100000001, 0.23932905100000001, 0.23932905100000001, 0.23932905100000001, 0.23932905100000001, 0.23932905100000001, 0.23932905100000001, 0.23932905100000001, 0.23932905100000001, 0.23932905100000001, 0.23932905100000001, 0.23932905100000001, 0.23932905100000001, 0.23932905100000001, 0.23932905100000001, 0.23932905100000001, 0.23932905100000001, 0.23932905100000001, 0.23932905100000001, 0.23932905100000001)
measurement_scale <- 0.05
known_reals <-
c(1.0, 14492.7536231884, 6.7, 2000.0, 6500.0, 0.00533412710224736, 6.02214e+20, 6.02, 1.59, 1.39784619487425, 5e-15, 0.686371954155832, 1.97444629317817, 1.33839465704882, 0.73000029889707, 0.257656912658955, 0.350864642801396, 0.0, 4.20440474648547, 0.294357819645508)
initial_state <-
c(1.29, 4.29, 0.000736873499865602, 1.1613768527467, 4.58321859006931, 0.315891028770503, 1.50329030201531, 0.0677379081099344, 0.469825011134444, 0.610005413358042)
initial_time <- 0
steady_time <- 10
rel_tol <- 1e-13
abs_tol <- 1e-06
max_steps <- 1000000000
LIKELIHOOD <- 1
