kinetic_parameters <-
c(1222.3127012502646, 1222.3127012502646, 0.04417531721193537, 1222.3127012502646, 1222.3127012502646, 0.10684261705011375, 12.015530243400939, 12.015530243400939, 2.4771284345232134, 2.4771284345232134, 0.46301896435718, 2.465599101082558, 2.054665917145444, 219.66419634560114, 219.66419634560114, 1.2327995499987798, 403.8324240678797, 403.8324240678797, 0.37206005483878146, 0.37206005483878146, 0.37206005483878146, 0.003081998875329749, 0.205466591713321, 4.705184952304419, 2.044392587198972, 27.599564676275453, 27.599564676275453, 0.5948178825716354, 0.5948178825716354, 0.5948178825716354, 0.5085298144799665, 0.09245996629112961, 0.010067862992659111, 0.06163997753408699, 1.0, 1.0, 0.5948178825716354, 0.5948178825716354, 0.5948178825716354, 0.7910463778592148, 0.09245996629112961, 0.010067862992659111, 0.06163997753408699, 13.363137722474674, 13.363137722474674, 0.5948178825716354, 0.5948178825716354, 0.5948178825716354, 0.4345618416917191, 0.09245996629112961, 0.9338456596830877, 0.06163997753408699, 6789.278800750653, 6789.278800750653, 6.630406914165381)
thermodynamic_parameters <-
c(-4.1, -4.1, 17.9, 4.2, -18.6, 6.4, 6.4, 6.4, 5.5)
