kinetic_parameters <-
c(0.043, 0.5, 7.6, 2.0, 0.069, 0.4507, 2.4, 10.0, 4.139, 0.19, 1.41, 1.2, 400.0, 0.2, 1.99, 0.003, 3200.0, 4.58, 58.6, 2.0, 0.0098, 0.495, 0.09, 0.06, 19.12, 6.454, 0.045, 5.25, 35.1, 564.38, 0.909, 0.423, 0.09, 0.06, 18.162, 0.0098, 0.77, 0.09, 0.06, 8.633, 0.104, 0.5, 19.87)
