N_ode <- 7
N_kinetic_parameter <- 55
N_known_real <- 22
N_measurement <- 4
N_thermodynamic_parameter <- 6
measurement_ix <-
c(2, 3, 5, 7)
measurement <-
c(1.162, 4.583, 0.538, 0.611)
prior_location_kinetic <-
c(7.1085, 7.1085, -3.11958908, 7.1085, 7.1085, -2.236398396, 2.4862, 2.4862, 0.9071, 0.9071, -0.769987266, 0.902434821, 0.720113264, 5.3921, 5.3921, 0.20928764, 6.001, 6.001, -0.9887, -0.9887, -0.9887, -5.782176907, -1.582471829, 1.548665082, 0.715100722, 3.3178, 3.3178, -0.5195, -0.5195, -0.5195, -0.676231433, -2.380979525, -4.59840681, -2.786444633, 0.0, 0.0, -0.5195, -0.5195, -0.5195, -0.234398681, -2.380979525, -4.59840681, -2.786444633, 2.5925, 2.5925, -0.5195, -0.5195, -0.5195, -0.833417016, -2.380979525, -0.068444101, -2.786444633, 8.8231, 8.8231, 1.891666177)
prior_scale_kinetic <-
c(1.8701, 1.8701, 0.23933, 1.8701, 1.8701, 0.23933, 1.3904, 1.3904, 1.7371, 1.7371, 0.239329051, 0.239329051, 0.239329051, 0.8777, 0.8777, 0.239329051, 0.6735, 0.6735, 1.7034, 1.7034, 1.7034, 0.239329051, 0.239329051, 0.239329051, 0.239329051, 1.4091, 1.4091, 1.5278, 1.5278, 1.5278, 0.239329051, 0.239329051, 0.239329051, 0.239329051, 1.0, 1.0, 1.5278, 1.5278, 1.5278, 0.239329051, 0.239329051, 0.239329051, 0.239329051, 1.42047, 1.42047, 1.5278, 1.5278, 1.5278, 0.239329051, 0.239329051, 0.239329051, 0.239329051, 0.9772, 0.9772, 0.239329051)
prior_location_thermodynamic <-
c(-4.1, 17.9, 4.2, -18.6, 6.4, 5.5)
prior_scale_thermodynamic <-
c(0.6, 4.4, 0.7, 0.9, 0.8, 1.1)
measurement_scale <- 0.05
known_reals <-
c(6.02214e+20, 6.02, 1.59, 1.39784619487425, 5e-15, 0.686371954155832, 1.97444629317817, 1.33839465704882, 0.73000029889707, 0.257656912658955, 0.350864642801396, 0.0, 4.20440474648547, 0.294357819645508, 1.88735, 3.72113, 1.41142, 0.1785794942, 3.95146, 1.72835, 298.15, 0.008314)
initial_state <-
c(0.000736873499865602, 1.1613768527467, 4.58321859006931, 0.315891028770503, 0.0677379081099344, 0.469825011134444, 0.610005413358042)
initial_time <- 0
steady_time <- 10.0
rel_tol <- 1e-13
abs_tol <- 1e-09
max_steps <- 1000000000
LIKELIHOOD <- 1
