N_ode <- 7
N_known_real <- 22
N_kinetic_parameter <- 55
N_thermodynamic_parameter <- 6
N_timepoint <- 20
N_reaction <- 9
kinetic_parameters <-
c(1222.3127012502646, 1222.3127012502646, 0.04417531721193537, 1222.3127012502646, 1222.3127012502646, 0.10684261705011375, 12.015530243400939, 12.015530243400939, 2.4771284345232134, 2.4771284345232134, 0.46301896435718, 2.465599101082558, 2.054665917145444, 219.66419634560114, 219.66419634560114, 1.2327995499987798, 403.8324240678797, 403.8324240678797, 0.37206005483878146, 0.37206005483878146, 0.37206005483878146, 0.003081998875329749, 0.205466591713321, 4.705184952304419, 2.044392587198972, 27.599564676275453, 27.599564676275453, 0.5948178825716354, 0.5948178825716354, 0.5948178825716354, 0.5085298144799665, 0.09245996629112961, 0.010067862992659111, 0.06163997753408699, 1.0, 1.0, 0.5948178825716354, 0.5948178825716354, 0.5948178825716354, 0.7910463778592148, 0.09245996629112961, 0.010067862992659111, 0.06163997753408699, 13.363137722474674, 13.363137722474674, 0.5948178825716354, 0.5948178825716354, 0.5948178825716354, 0.4345618416917191, 0.09245996629112961, 0.9338456596830877, 0.06163997753408699, 6789.278800750653, 6789.278800750653, 6.630406914165381)
thermodynamic_parameters <-
c(-4.1, 17.9, 4.2, -18.6, 6.4, 5.5)
known_reals <-
c(6.02214e+20, 6.02, 1.59, 1.39784619487425, 5e-15, 0.686371954155832, 1.97444629317817, 1.33839465704882, 0.73000029889707, 0.257656912658955, 0.350864642801396, 0.0, 4.20440474648547, 0.294357819645508, 1.88735, 3.72113, 1.41142, 0.1785794942, 3.95146, 1.72835, 298.15, 0.008314)
initial_state <-
c(0.1, 1.1613768527467, 4.58321859006931, 0.315891028770503, 0.538, 0.469825011134444, 0.610005413358042)
initial_time <- 0.0
timepoints <-
c(0.005, 0.01, 0.015, 0.02, 0.025, 0.03, 0.035, 0.04, 0.045, 0.05, 0.055, 0.06, 0.065, 0.07, 0.075, 0.08, 0.085, 0.09, 0.095)
rel_tol <- 1e-13
abs_tol <- 1e-09
max_steps <- 1000000000
